TITLE : Cables to test STAP90
        (22:2:33 on March 25, 2019, Monday)

C O N T R O L   I N F O R M A T I O N

      NUMBER OF NODAL POINTS . . . . . . . . . . (NUMNP)  =    12
      NUMBER OF ELEMENT GROUPS . . . . . . . . . (NUMEG)  =     1
      NUMBER OF LOAD CASES . . . . . . . . . . . (NLCASE) =     1
      SOLUTION MODE  . . . . . . . . . . . . . . (MODEX)  =     1
         EQ.0, DATA CHECK
         EQ.1, EXECUTION

 N O D A L   P O I N T   D A T A

    NODE       BOUNDARY                         NODAL POINT
   NUMBER  CONDITION  CODES                     COORDINATES
        1    1    1    1      0.00000e+000   0.00000e+000   0.00000e+000
        2    1    1    1      1.50000e+001   0.00000e+000   0.00000e+000
        3    0    0    1      3.00000e+000   0.00000e+000   0.00000e+000
        4    0    0    1      6.00000e+000   0.00000e+000   0.00000e+000
        5    0    0    1      9.00000e+000   0.00000e+000   0.00000e+000
        6    0    0    1      1.20000e+001   0.00000e+000   0.00000e+000
        7    0    0    1      0.00000e+000   4.00000e+000   0.00000e+000
        8    0    0    1      3.00000e+000   4.00000e+000   0.00000e+000
        9    0    0    1      6.00000e+000   4.00000e+000   0.00000e+000
       10    0    0    1      9.00000e+000   4.00000e+000   0.00000e+000
       11    0    0    1      1.20000e+001   4.00000e+000   0.00000e+000
       12    0    0    1      1.50000e+001   4.00000e+000   0.00000e+000

 EQUATION NUMBERS

   NODE NUMBER   DEGREES OF FREEDOM
        N           X    Y    Z
        1           0    0    0
        2           0    0    0
        3           1    2    0
        4           3    4    0
        5           5    6    0
        6           7    8    0
        7           9   10    0
        8          11   12    0
        9          13   14    0
       10          15   16    0
       11          17   18    0
       12          19   20    0

 L O A D   C A S E   D A T A

     LOAD CASE NUMBER . . . . . . . =     1
     NUMBER OF CONCENTRATED LOADS . =     1

    NODE       DIRECTION      LOAD
   NUMBER                   MAGNITUDE
      4            2      -7.00000e+003

 E L E M E N T   G R O U P   D A T A


 E L E M E N T   D E F I N I T I O N

 ELEMENT TYPE  . . . . . . . . . . . . .( NPAR(1) ) . . =    1
     EQ.1, TRUSS ELEMENTS
     EQ.2, ELEMENTS CURRENTLY
     EQ.3, NOT AVAILABLE

 NUMBER OF ELEMENTS. . . . . . . . . . .( NPAR(2) ) . . =   22

 M A T E R I A L   D E F I N I T I O N

 NUMBER OF DIFFERENT SETS OF MATERIAL
 AND CROSS-SECTIONAL  CONSTANTS  . . . .( NPAR(3) ) . . =    1

  SET       YOUNG'S     CROSS-SECTIONAL
 NUMBER     MODULUS          AREA
               E              A
    1    1.50000e+011    1.00000e-002


 E L E M E N T   I N F O R M A T I O N
 ELEMENT     NODE     NODE       MATERIAL
 NUMBER-N      I        J       SET NUMBER
    1          1        7           1
    2          3        8           1
    3          4        9           1
    4          5       10           1
    5          6       11           1
    6          2       12           1
    7          1        3           1
    8          3        4           1
    9          4        5           1
   10          5        6           1
   11          6        2           1
   12          7        8           1
   13          8        9           1
   14          9       10           1
   15         10       11           1
   16         11       12           1
   17          7        3           1
   18          8        4           1
   19          9        5           1
   20          4       10           1
   21          5       11           1
   22          6       12           1

*** _Debug_ *** Column Heights
       0       1       2       3       2       3       2       3       8       9      10      11      10      11      12      13      12      13      12      13

*** _Debug_ *** Address of Diagonal Element
       1       2       4       7      11      14      18      21      25      34      44      55      67      78      90     103     117     130     144     157     171

	TOTAL SYSTEM DATA

     NUMBER OF EQUATIONS . . . . . . . . . . . . . .(NEQ) = 20
     NUMBER OF MATRIX ELEMENTS . . . . . . . . . . .(NWK) = 170
     MAXIMUM HALF BANDWIDTH  . . . . . . . . . . . .(MK ) = 14
     MEAN HALF BANDWIDTH . . . . . . . . . . . . . .(MM ) = 8


*** _Debug_ *** Banded stiffness matrix
  1.10800e+009  5.67000e+008 -1.44000e+008  1.21600e+009  0.00000e+000 -5.00000e+008
  7.59000e+008  0.00000e+000  0.00000e+000  0.00000e+000  1.21600e+009  0.00000e+000
 -5.00000e+008  7.59000e+008  0.00000e+000  0.00000e+000  0.00000e+000  1.10800e+009
  0.00000e+000 -5.00000e+008  5.67000e+008  1.44000e+008  0.00000e+000  0.00000e+000
  6.08000e+008  0.00000e+000  0.00000e+000  0.00000e+000  0.00000e+000  0.00000e+000
  0.00000e+000  1.44000e+008 -1.08000e+008  5.67000e+008 -1.44000e+008  0.00000e+000
  0.00000e+000  0.00000e+000  0.00000e+000  0.00000e+000  0.00000e+000 -1.92000e+008
  1.44000e+008  1.10800e+009  0.00000e+000 -5.00000e+008  0.00000e+000  0.00000e+000
  0.00000e+000  0.00000e+000  1.44000e+008 -1.08000e+008  0.00000e+000  0.00000e+000
  5.67000e+008 -1.44000e+008  0.00000e+000  0.00000e+000  0.00000e+000  0.00000e+000
  0.00000e+000  0.00000e+000 -1.92000e+008  1.44000e+008 -3.75000e+008  0.00000e+000
  1.10800e+009  0.00000e+000 -5.00000e+008  0.00000e+000  0.00000e+000  0.00000e+000
  0.00000e+000  1.44000e+008 -1.08000e+008  0.00000e+000  0.00000e+000  5.67000e+008
 -1.44000e+008  0.00000e+000  0.00000e+000  0.00000e+000  0.00000e+000  0.00000e+000
  0.00000e+000 -1.92000e+008  1.44000e+008 -3.75000e+008  0.00000e+000  1.10800e+009
  0.00000e+000 -5.00000e+008  0.00000e+000  0.00000e+000  0.00000e+000  0.00000e+000
  0.00000e+000  0.00000e+000  0.00000e+000  0.00000e+000 -1.44000e+008 -1.08000e+008
  5.67000e+008  1.44000e+008  0.00000e+000  0.00000e+000  0.00000e+000  0.00000e+000
  0.00000e+000  0.00000e+000  0.00000e+000  0.00000e+000 -3.75000e+008  0.00000e+000
 -1.92000e+008 -1.44000e+008  1.10800e+009  0.00000e+000 -5.00000e+008  0.00000e+000
  0.00000e+000  0.00000e+000  0.00000e+000  0.00000e+000  0.00000e+000  0.00000e+000
  0.00000e+000 -1.44000e+008 -1.08000e+008  5.67000e+008  1.44000e+008  0.00000e+000
  0.00000e+000  0.00000e+000  0.00000e+000  0.00000e+000  0.00000e+000  0.00000e+000
  0.00000e+000 -3.75000e+008  0.00000e+000 -1.92000e+008 -1.44000e+008  6.08000e+008
  0.00000e+000 -5.00000e+008  0.00000e+000  0.00000e+000  0.00000e+000  0.00000e+000
  0.00000e+000  0.00000e+000  0.00000e+000  0.00000e+000 -1.44000e+008 -1.08000e+008
  5.67000e+008  1.44000e+008  0.00000e+000  0.00000e+000  0.00000e+000  0.00000e+000
  0.00000e+000  0.00000e+000  0.00000e+000  0.00000e+000  0.00000e+000  0.00000e+000
 -1.92000e+008 -1.44000e+008

*** _Debug_ *** Full stiffness matrix
  1.10800e+009 -1.44000e+008 -5.00000e+008  0.00000e+000  0.00000e+000  0.00000e+000  0.00000e+000  0.00000e+000 -1.08000e+008  1.44000e+008  0.00000e+000  0.00000e+000  0.00000e+000  0.00000e+000  0.00000e+000  0.00000e+000  0.00000e+000  0.00000e+000  0.00000e+000  0.00000e+000
 -1.44000e+008  5.67000e+008  0.00000e+000  0.00000e+000  0.00000e+000  0.00000e+000  0.00000e+000  0.00000e+000  1.44000e+008 -1.92000e+008  0.00000e+000 -3.75000e+008  0.00000e+000  0.00000e+000  0.00000e+000  0.00000e+000  0.00000e+000  0.00000e+000  0.00000e+000  0.00000e+000
 -5.00000e+008  0.00000e+000  1.21600e+009  0.00000e+000 -5.00000e+008  0.00000e+000  0.00000e+000  0.00000e+000  0.00000e+000  0.00000e+000 -1.08000e+008  1.44000e+008  0.00000e+000  0.00000e+000 -1.08000e+008 -1.44000e+008  0.00000e+000  0.00000e+000  0.00000e+000  0.00000e+000
  0.00000e+000  0.00000e+000  0.00000e+000  7.59000e+008  0.00000e+000  0.00000e+000  0.00000e+000  0.00000e+000  0.00000e+000  0.00000e+000  1.44000e+008 -1.92000e+008  0.00000e+000 -3.75000e+008 -1.44000e+008 -1.92000e+008  0.00000e+000  0.00000e+000  0.00000e+000  0.00000e+000
  0.00000e+000  7.59000e+008 -5.00000e+008  0.00000e+000  1.21600e+009  0.00000e+000 -5.00000e+008  0.00000e+000  0.00000e+000  0.00000e+000  0.00000e+000  0.00000e+000 -1.08000e+008  1.44000e+008  0.00000e+000  0.00000e+000 -1.08000e+008 -1.44000e+008  0.00000e+000  0.00000e+000
  0.00000e+000  1.10800e+009  0.00000e+000  0.00000e+000  0.00000e+000  7.59000e+008  0.00000e+000  0.00000e+000  0.00000e+000  0.00000e+000  0.00000e+000  0.00000e+000  1.44000e+008 -1.92000e+008  0.00000e+000 -3.75000e+008 -1.44000e+008 -1.92000e+008  0.00000e+000  0.00000e+000
  0.00000e+000  0.00000e+000  1.44000e+008  5.67000e+008 -5.00000e+008  0.00000e+000  1.10800e+009  1.44000e+008  0.00000e+000  0.00000e+000  0.00000e+000  0.00000e+000  0.00000e+000  0.00000e+000  0.00000e+000  0.00000e+000  0.00000e+000  0.00000e+000 -1.08000e+008 -1.44000e+008
  0.00000e+000  0.00000e+000  0.00000e+000  6.08000e+008  0.00000e+000  0.00000e+000  1.44000e+008  5.67000e+008  0.00000e+000  0.00000e+000  0.00000e+000  0.00000e+000  0.00000e+000  0.00000e+000  0.00000e+000  0.00000e+000  0.00000e+000 -3.75000e+008 -1.44000e+008 -1.92000e+008
 -1.08000e+008  1.44000e+008  0.00000e+000  0.00000e+000  0.00000e+000  0.00000e+000  0.00000e+000  0.00000e+000  6.08000e+008 -1.44000e+008 -5.00000e+008  0.00000e+000  0.00000e+000  0.00000e+000  0.00000e+000  0.00000e+000  0.00000e+000  0.00000e+000  0.00000e+000  0.00000e+000
  1.44000e+008 -1.92000e+008  0.00000e+000  0.00000e+000  0.00000e+000  0.00000e+000  0.00000e+000  0.00000e+000 -1.44000e+008  5.67000e+008  0.00000e+000  0.00000e+000  0.00000e+000  0.00000e+000  0.00000e+000  0.00000e+000  0.00000e+000  0.00000e+000  0.00000e+000  0.00000e+000
  0.00000e+000  0.00000e+000 -1.08000e+008  1.44000e+008  0.00000e+000  0.00000e+000  0.00000e+000  0.00000e+000 -5.00000e+008  0.00000e+000  1.10800e+009 -1.44000e+008 -5.00000e+008  0.00000e+000  0.00000e+000  0.00000e+000  0.00000e+000  0.00000e+000  0.00000e+000  0.00000e+000
  0.00000e+000 -3.75000e+008  1.44000e+008 -1.92000e+008  0.00000e+000  0.00000e+000  0.00000e+000  0.00000e+000  0.00000e+000  0.00000e+000 -1.44000e+008  5.67000e+008  0.00000e+000  0.00000e+000  0.00000e+000  0.00000e+000  0.00000e+000  0.00000e+000  0.00000e+000  0.00000e+000
 -1.44000e+008  5.67000e+008  0.00000e+000  0.00000e+000 -1.08000e+008  1.44000e+008  0.00000e+000  0.00000e+000  0.00000e+000  0.00000e+000 -5.00000e+008  0.00000e+000  1.10800e+009 -1.44000e+008 -5.00000e+008  0.00000e+000  0.00000e+000  0.00000e+000  0.00000e+000  0.00000e+000
  0.00000e+000  1.10800e+009  0.00000e+000 -3.75000e+008  1.44000e+008 -1.92000e+008  0.00000e+000  0.00000e+000  0.00000e+000  0.00000e+000  0.00000e+000  0.00000e+000 -1.44000e+008  5.67000e+008  0.00000e+000  0.00000e+000  0.00000e+000  0.00000e+000  0.00000e+000  0.00000e+000
  1.44000e+008  5.67000e+008 -1.08000e+008 -1.44000e+008  0.00000e+000  0.00000e+000  0.00000e+000  0.00000e+000  0.00000e+000  0.00000e+000  0.00000e+000  0.00000e+000 -5.00000e+008  0.00000e+000  1.10800e+009  1.44000e+008 -5.00000e+008  0.00000e+000  0.00000e+000  0.00000e+000
  0.00000e+000  1.10800e+009 -1.44000e+008 -1.92000e+008  0.00000e+000 -3.75000e+008  0.00000e+000  0.00000e+000  0.00000e+000  0.00000e+000  0.00000e+000  0.00000e+000  0.00000e+000  0.00000e+000  1.44000e+008  5.67000e+008  0.00000e+000  0.00000e+000  0.00000e+000  0.00000e+000
  0.00000e+000  0.00000e+000  1.44000e+008  5.67000e+008 -1.08000e+008 -1.44000e+008  0.00000e+000  0.00000e+000  0.00000e+000  0.00000e+000  0.00000e+000  0.00000e+000  0.00000e+000  0.00000e+000 -5.00000e+008  0.00000e+000  1.10800e+009  1.44000e+008 -5.00000e+008  0.00000e+000
  0.00000e+000 -5.00000e+008  0.00000e+000  6.08000e+008 -1.44000e+008 -1.92000e+008  0.00000e+000 -3.75000e+008  0.00000e+000  0.00000e+000  0.00000e+000  0.00000e+000  0.00000e+000  0.00000e+000  0.00000e+000  0.00000e+000  1.44000e+008  5.67000e+008  0.00000e+000  0.00000e+000
  0.00000e+000  0.00000e+000  0.00000e+000  0.00000e+000  1.44000e+008  5.67000e+008 -1.08000e+008 -1.44000e+008  0.00000e+000  0.00000e+000  0.00000e+000  0.00000e+000  0.00000e+000  0.00000e+000  0.00000e+000  0.00000e+000 -5.00000e+008  0.00000e+000  6.08000e+008  1.44000e+008
 -2.65698e+303  1.24081e-306  8.32054e-310  0.00000e+000 -2.65698e+303 -2.53017e-098 -1.44000e+008 -1.92000e+008  0.00000e+000  0.00000e+000  0.00000e+000  0.00000e+000  0.00000e+000  0.00000e+000  0.00000e+000  0.00000e+000  0.00000e+000  0.00000e+000  1.44000e+008  5.67000e+008

*** _Debug_ *** Banded stiffness matrix
  1.10800e+009  5.48285e+008 -1.29964e-001  9.82667e+008 -1.18519e-001 -4.51264e-001
  7.59000e+008  0.00000e+000  0.00000e+000  0.00000e+000  9.61590e+008  0.00000e+000
 -5.08820e-001  7.59000e+008  0.00000e+000  0.00000e+000  0.00000e+000  8.48014e+008
  0.00000e+000 -5.19972e-001  5.42548e+008  1.69809e-001  0.00000e+000  0.00000e+000
  5.65141e+008  2.76022e-003 -1.03997e-002  0.00000e+000 -1.76381e-002  0.00000e+000
 -3.39213e-002  2.37037e-001 -9.74729e-002  4.77458e+008 -1.53687e-001 -3.68030e-003
  1.38662e-002  0.00000e+000  2.35175e-002  0.00000e+000  4.52284e-002 -3.16049e-001
  1.29964e-001  6.02944e+008 -1.48729e-001 -8.93482e-001  8.94312e-003 -3.36949e-002
  0.00000e+000 -5.71475e-002  1.89723e-001 -1.09905e-001  0.00000e+000  0.00000e+000
  2.06342e+008 -4.26439e-002 -2.30875e-001  1.65349e-001 -8.24387e-003  3.10603e-002
  0.00000e+000  5.26792e-002 -2.52964e-001  1.01312e-001 -6.83951e-001  0.00000e+000
  6.32490e+008 -6.36485e-002 -8.45776e-001  6.21439e-003 -4.45066e-003  1.75762e-002
 -6.62218e-002  1.89723e-001 -1.12314e-001  0.00000e+000  0.00000e+000  2.40928e+008
 -3.37042e-002 -4.97939e-001  1.40013e-001 -8.28586e-003  5.93422e-003 -2.34350e-002
  8.82957e-002 -2.52964e-001  1.49752e-001 -4.94071e-001  0.00000e+000  6.30873e+008
 -3.64349e-001 -7.95063e-001 -9.28967e-002  1.28608e-002  1.22134e-002 -8.74704e-003
  8.94312e-003 -3.36949e-002  0.00000e+000 -5.71475e-002 -1.89723e-001 -1.09905e-001
  1.41236e+008  1.09270e-001 -7.76317e-001  1.06437e-001 -1.23862e-001  1.71478e-002
  1.62845e-002 -1.16627e-002  1.19242e-002 -4.49266e-002 -4.94071e-001 -7.61967e-002
 -2.52964e-001 -1.46540e-001  6.46825e+008 -2.34220e-001 -8.05356e-001 -3.92116e-002
  5.33654e-003  3.96846e-002 -1.65114e-002  6.21439e-003 -4.45066e-003  1.75762e-002
 -6.62218e-002 -1.89723e-001 -1.12314e-001  1.32591e+008  9.18781e-002 -8.71379e-001
 -6.07218e-003 -9.67925e-002  2.26948e-002  3.65817e-002 -1.52204e-002  5.72849e-003
 -4.10267e-003 -6.67749e-001 -8.82957e-002 -2.52964e-001 -1.49752e-001  1.52469e+008
 -3.16912e-001 -7.85167e-001  3.24790e-002 -8.24942e-003  3.33828e-002 -1.16846e-002
  1.22483e-002 -5.09611e-003  1.91802e-003 -1.37366e-003 -2.31612e-001 -1.27356e-001
  3.75000e+008  2.66667e-001 -8.84510e-001 -1.62138e-002  4.33053e-002 -1.09992e-002
  4.45104e-002 -1.55794e-002  1.63311e-002 -6.79482e-003  2.55736e-003 -1.83155e-003
 -3.08816e-001 -1.69809e-001

*** _Debug_ *** Full stiffness matrix
  1.10800e+009 -1.29964e-001 -4.51264e-001  0.00000e+000  0.00000e+000  0.00000e+000  0.00000e+000  0.00000e+000 -9.74729e-002  1.29964e-001  0.00000e+000  0.00000e+000  0.00000e+000  0.00000e+000  0.00000e+000  0.00000e+000  0.00000e+000  0.00000e+000  0.00000e+000  0.00000e+000
 -1.29964e-001  5.48285e+008 -1.18519e-001  0.00000e+000  0.00000e+000  0.00000e+000  0.00000e+000  0.00000e+000  2.37037e-001 -3.16049e-001  0.00000e+000 -6.83951e-001  0.00000e+000  0.00000e+000  0.00000e+000  0.00000e+000  0.00000e+000  0.00000e+000  0.00000e+000  0.00000e+000
 -4.51264e-001 -1.18519e-001  9.82667e+008  0.00000e+000 -5.08820e-001  0.00000e+000  0.00000e+000  0.00000e+000 -3.39213e-002  4.52284e-002 -1.09905e-001  1.01312e-001  0.00000e+000  0.00000e+000 -1.09905e-001 -1.46540e-001  0.00000e+000  0.00000e+000  0.00000e+000  0.00000e+000
  0.00000e+000  0.00000e+000  0.00000e+000  7.59000e+008  0.00000e+000  0.00000e+000  0.00000e+000  0.00000e+000  0.00000e+000  0.00000e+000  1.89723e-001 -2.52964e-001  0.00000e+000 -4.94071e-001 -1.89723e-001 -2.52964e-001  0.00000e+000  0.00000e+000  0.00000e+000  0.00000e+000
  0.00000e+000  7.59000e+008 -5.08820e-001  0.00000e+000  9.61590e+008  0.00000e+000 -5.19972e-001  0.00000e+000 -1.76381e-002  2.35175e-002 -5.71475e-002  5.26792e-002 -1.12314e-001  1.49752e-001 -5.71475e-002 -7.61967e-002 -1.12314e-001 -1.49752e-001  0.00000e+000  0.00000e+000
  0.00000e+000  8.48014e+008  0.00000e+000  0.00000e+000  0.00000e+000  7.59000e+008  0.00000e+000  0.00000e+000  0.00000e+000  0.00000e+000  0.00000e+000  0.00000e+000  1.89723e-001 -2.52964e-001  0.00000e+000 -4.94071e-001 -1.89723e-001 -2.52964e-001  0.00000e+000  0.00000e+000
  0.00000e+000  0.00000e+000  1.69809e-001  5.42548e+008 -5.19972e-001  0.00000e+000  8.48014e+008  1.69809e-001 -1.03997e-002  1.38662e-002 -3.36949e-002  3.10603e-002 -6.62218e-002  8.82957e-002 -3.36949e-002 -4.49266e-002 -6.62218e-002 -8.82957e-002 -1.27356e-001 -1.69809e-001
  0.00000e+000 -1.03997e-002  2.76022e-003  5.65141e+008  0.00000e+000  0.00000e+000  1.69809e-001  5.42548e+008  2.76022e-003 -3.68030e-003  8.94312e-003 -8.24387e-003  1.75762e-002 -2.34350e-002  8.94312e-003  1.19242e-002  1.75762e-002 -6.67749e-001 -2.31612e-001 -3.08816e-001
 -9.74729e-002  2.37037e-001 -3.39213e-002  0.00000e+000 -1.76381e-002  0.00000e+000 -1.03997e-002  2.76022e-003  5.65141e+008 -1.53687e-001 -8.93482e-001  1.65349e-001 -4.45066e-003  5.93422e-003 -8.74704e-003 -1.16627e-002 -4.45066e-003 -4.10267e-003 -1.37366e-003 -1.83155e-003
  1.29964e-001 -3.16049e-001  4.52284e-002  0.00000e+000  2.35175e-002  0.00000e+000  1.38662e-002 -3.68030e-003 -1.53687e-001  4.77458e+008 -1.48729e-001 -2.30875e-001  6.21439e-003 -8.28586e-003  1.22134e-002  1.62845e-002  6.21439e-003  5.72849e-003  1.91802e-003  2.55736e-003
  0.00000e+000  0.00000e+000 -1.09905e-001  1.89723e-001 -5.71475e-002  0.00000e+000 -3.36949e-002  8.94312e-003 -8.93482e-001 -1.48729e-001  6.02944e+008 -4.26439e-002 -8.45776e-001  1.40013e-001  1.28608e-002  1.71478e-002 -1.65114e-002 -1.52204e-002 -5.09611e-003 -6.79482e-003
  0.00000e+000 -6.83951e-001  1.01312e-001 -2.52964e-001  5.26792e-002  0.00000e+000  3.10603e-002 -8.24387e-003  1.65349e-001 -2.30875e-001 -4.26439e-002  2.06342e+008 -6.36485e-002 -4.97939e-001 -9.28967e-002 -1.23862e-001  3.96846e-002  3.65817e-002  1.22483e-002  1.63311e-002
 -3.37042e-002  2.40928e+008  0.00000e+000  0.00000e+000 -1.12314e-001  1.89723e-001 -6.62218e-002  1.75762e-002 -4.45066e-003  6.21439e-003 -8.45776e-001 -6.36485e-002  6.32490e+008 -3.37042e-002 -7.95063e-001  1.06437e-001  5.33654e-003  2.26948e-002 -1.16846e-002 -1.55794e-002
 -3.64349e-001  6.30873e+008  0.00000e+000 -4.94071e-001  1.49752e-001 -2.52964e-001  8.82957e-002 -2.34350e-002  5.93422e-003 -8.28586e-003  1.40013e-001 -4.97939e-001 -3.37042e-002  2.40928e+008 -3.64349e-001 -7.76317e-001 -3.92116e-002 -9.67925e-002  3.33828e-002  4.45104e-002
  1.09270e-001  1.41236e+008 -1.09905e-001 -1.89723e-001 -5.71475e-002  0.00000e+000 -3.36949e-002  8.94312e-003 -8.74704e-003  1.22134e-002  1.28608e-002 -9.28967e-002 -7.95063e-001 -3.64349e-001  6.30873e+008  1.09270e-001 -8.05356e-001 -6.07218e-003 -8.24942e-003 -1.09992e-002
 -2.34220e-001  6.46825e+008 -1.46540e-001 -2.52964e-001 -7.61967e-002 -4.94071e-001 -4.49266e-002  1.19242e-002 -1.16627e-002  1.62845e-002  1.71478e-002 -1.23862e-001  1.06437e-001 -7.76317e-001  1.09270e-001  1.41236e+008 -2.34220e-001 -8.71379e-001  3.24790e-002  4.33053e-002
 -6.07218e-003 -8.71379e-001  9.18781e-002  1.32591e+008 -1.12314e-001 -1.89723e-001 -6.62218e-002  1.75762e-002 -4.45066e-003  6.21439e-003 -1.65114e-002  3.96846e-002  5.33654e-003 -3.92116e-002 -8.05356e-001 -2.34220e-001  6.46825e+008  9.18781e-002 -7.85167e-001 -1.62138e-002
  3.24790e-002 -7.85167e-001 -3.16912e-001  1.52469e+008 -1.49752e-001 -2.52964e-001 -8.82957e-002 -6.67749e-001 -4.10267e-003  5.72849e-003 -1.52204e-002  3.65817e-002  2.26948e-002 -9.67925e-002 -6.07218e-003 -8.71379e-001  9.18781e-002  1.32591e+008 -3.16912e-001 -8.84510e-001
 -1.09992e-002  4.33053e-002 -1.62138e-002 -8.84510e-001  2.66667e-001  3.75000e+008 -1.27356e-001 -2.31612e-001 -1.37366e-003  1.91802e-003 -5.09611e-003  1.22483e-002 -1.16846e-002  3.33828e-002 -8.24942e-003  3.24790e-002 -7.85167e-001 -3.16912e-001  1.52469e+008  2.66667e-001
  0.00000e+000  3.49634e-317  4.54754e-193  0.00000e+000 -2.65698e+303 -2.53017e-098 -1.69809e-001 -3.08816e-001 -1.83155e-003  2.55736e-003 -6.79482e-003  1.63311e-002 -1.55794e-002  4.45104e-002 -1.09992e-002  4.33053e-002 -1.62138e-002 -8.84510e-001  2.66667e-001  3.75000e+008

*** _Debug_ *** Displacement vector
  Load case = 0
 -4.25316e-006 -5.09702e-005 -2.20633e-006 -9.56803e-005  4.30633e-006
 -8.05603e-005  4.25316e-006 -4.18352e-005  1.96071e-005 -1.12000e-005  1.33071e-005
 -6.21702e-005  7.07089e-007 -9.14743e-005 -9.52709e-006 -8.38210e-005 -1.79271e-005
 -4.93019e-005 -2.21271e-005 -7.46667e-006

 LOAD CASE    1


 D I S P L A C E M E N T S

  NODE           X-DISPLACEMENT    Y-DISPLACEMENT    Z-DISPLACEMENT
    1              0.00000e+000      0.00000e+000      0.00000e+000
    2              0.00000e+000      0.00000e+000      0.00000e+000
    3             -4.25316e-006     -5.09702e-005      0.00000e+000
    4             -2.20633e-006     -9.56803e-005      0.00000e+000
    5              4.30633e-006     -8.05603e-005      0.00000e+000
    6              4.25316e-006     -4.18352e-005      0.00000e+000
    7              1.96071e-005     -1.12000e-005      0.00000e+000
    8              1.33071e-005     -6.21702e-005      0.00000e+000
    9              7.07089e-007     -9.14743e-005      0.00000e+000
   10             -9.52709e-006     -8.38210e-005      0.00000e+000
   11             -1.79271e-005     -4.93019e-005      0.00000e+000
   12             -2.21271e-005     -7.46667e-006      0.00000e+000

 S T R E S S  C A L C U L A T I O N S  F O R  E L E M E N T  G R O U P    1

  ELEMENT             FORCE            STRESS
  NUMBER
    1         -4.20000e+003     -4.20000e+005
    2         -4.20000e+003     -4.20000e+005
    3          1.57722e+003      1.57722e+005
    4         -1.22278e+003     -1.22278e+005
    5         -2.80000e+003     -2.80000e+005
    6         -2.80000e+003     -2.80000e+005
    7         -2.12658e+003     -2.12658e+005
    8          1.02342e+003      1.02342e+005
    9          3.25633e+003      3.25633e+005
   10         -2.65823e+001     -2.65823e+003
   11         -2.12658e+003     -2.12658e+005
   12         -3.15000e+003     -3.15000e+005
   13         -6.30000e+003     -6.30000e+005
   14         -5.11709e+003     -5.11709e+005
   15         -4.20000e+003     -4.20000e+005
   16         -2.10000e+003     -2.10000e+005
   17          5.25000e+003      5.25000e+005
   18          5.25000e+003      5.25000e+005
   19         -1.97152e+003     -1.97152e+005
   20          1.52848e+003      1.52848e+005
   21          3.50000e+003      3.50000e+005
   22          3.50000e+003      3.50000e+005


 S O L U T I O N   T I M E   L O G   I N   S E C 

     TIME FOR INPUT PHASE = 7.00000e-001
     TIME FOR CALCULATION OF STIFFNESS MATRIX = 2.01700e+000
     TIME FOR FACTORIZATION AND LOAD CASE SOLUTIONS = 1.80900e+000

     T O T A L   S O L U T I O N   T I M E = 4.72600e+000
